layer_name_to_config:
  default:
    w_p_exp: 1.52587890625e-05
    w_p_frac: 1.52587890625e-05
    w_seed_exp: 0
    w_seed_frac: 0
    w_zero_out_t: 1.25
    x_p_exp: 1.52587890625e-05
    x_p_frac: 1.52587890625e-05
    x_seed_exp: 0
    x_seed_frac: 0
    x_zero_out_t: 30.0
transform_flavor: fc
use_regex: true
